0.2593626
0.09853869
0.6723826
-0.9064648
0.2319932
0.532458
1.404136
-1.302175
-0.8128473
-0.5618041
0.8120302
-1.467692
-0.3076053
0.4363867
-0.2268862
0.06335951
-0.153128
1.072921
-0.649225
0.5360513
-0.4462825
-0.7174979
-0.1721836
-0.4552891
0.3861726
-0.7357621
0.06369971
0.1545017
-1.190359
-0.2456549
0.6083752
-0.1954765
-0.3808587
0.4218916
-0.3786634
0.9448776
1.113599
0.1943576
-0.9239246
1.227769
0.508435
-1.33688
0.005347977
-0.8777704
0.7753311
-0.03214577
0.1065243
-0.7334946
-0.3980734
0.03219069
0.350297
0.7879822
0.1448885
0.7587932
-0.5088037
0.1306387
0.004984376
-0.8318747
0.003264985
-1.28076
-0.1890981
-0.424847
0.08879295
0.2572892
0.3384434
-0.2936659
0.4858959
-0.4298348
-0.4411538
0.8831732
-1.206266
-0.1930961
-0.2794663
0.6088858
0.1221943
-0.3896558
-0.1909981
0.506164
-1.371208
0.6248206
0.3660344
-1.339773
0.4962907
1.04738
-0.4441171
0.6847287
0.04121417
-0.5389189
-0.874024
0.7484568
0.06063836
0.07717817
0.4488943
-0.2824513
0.1907228
1.144473
0.7748204
-0.3451247
0.4995809
2.003542
-0.5714122
0.6041829
0.8466601
0.1566307
-0.8962429
-0.7328423
-0.8343844
1.688345
0.2029104
-0.07829528
-0.9118587
0.4525758
-1.608478
0.5571961
-0.3611878
0.3510756
-0.5473833
0.949003
0.7462263
-1.210604
-0.9483775
-0.6404446
1.462948
-0.7955103
1.148766
-0.6139263
1.479237
-0.0997028
-0.5024312
-0.1449634
-0.5552714
0.8281943
0.3562625
-0.2646662
0.5366793
-0.5359691
-0.3701403
-0.7794384
0.8209962
0.9879832
0.7340966
-0.36785
2.646988
1.255476
0.7437938
-0.9005736
-0.4251286
0.07153767
0.9719322
-0.2031889
-1.515181
-0.4614276
-0.3712283
-0.8315474
-0.2797416
0.2176127
0.9893263
0.9616305
0.6199514
0.3623264
0.9334112
0.6638013
-0.9532338
0.9981031
0.770815
-1.708287
1.392205
-0.5447448
-0.003817774
-0.936603
-0.9919657
-0.6344982
-1.561757
-0.3240872
0.5664212
-0.284787
0.7307836
0.4110334
1.240067
-0.5712054
-0.06423068
1.579913
0.6162965
0.1352424
-0.08723584
-0.5003254
-0.1055266
0.9674097
0.4744845
-0.4592508
-0.5356363
1.566687
0.6468543
0.961283
0.1309885
0.9958457
-1.142464
0.3128432
0.3202402
0.4710618
-1.533287
0.8521257
